code unsigned short Crc16Table[256] = {
694
981
1202
1387
1551
1699
1835
1961
2080
2192
2299
2402
2499
2594
2685
2773
2858
2941
3021
3100
3176
3251
3324
3396
3466
3534
3602
3668
3732
3796
3859
3921
3981
4041
4100
4158
4216
4272
4328
4383
4438
4491
4545
4597
4649
4700
4751
4802
4851
4900
4949
4997
5045
5093
5140
5186
5232
5278
5323
5368
5413
5457
5501
5544
5587
5630
5672
5715
5756
5798
5839
5880
5921
5961
6002
6041
6081
6120
6159
6198
6237
6275
6313
6351
6389
6426
6464
6501
6538
6574
6611
6647
6683
6719
6754
6790
6825
6860
6895
6930
6964
6999
7033
7067
7101
7135
7168
7202
7235
7268
7301
7334
7366
7399
7431
7463
7495
7527
7559
7591
7623
7654
7685
7716
7747
7778
7809
7840
7870
7901
7931
7961
7991
8021
8051
8081
8111
8140
8170
8199
8228
8257
8286
8315
8344
8373
8402
8430
8458
8487
8515
8543
8571
8599
8627
8655
8683
8710
8738
8765
8792
8820
8847
8874
8901
8928
8955
8981
9008
9035
9061
9088
9114
9140
9167
9193
9219
9245
9271
9297
9322
9348
9374
9399
9425
9450
9476
9501
9526
9551
9576
9602
9626
9651
9676
9701
9726
9750
9775
9799
9824
9848
9873
9897
9921
9945
9969
9993
10017
10041
10065
10089
10113
10137
10160
10184
10207
10231
10254
10278
10301
10324
10348
10371
10394
10417
10440
10463
10486
10509
10531
10554
10577
10600
10622
10645
10667
10690
10712
10735
10757
10779
10802
10824
10846
10868
10890
10912
10934
10956
10978
11000
11021
11043
11065
11087
11108
11130
11151
11173
11194
11216
11237
11258
11280
11301
11322
11343
11365
11386
11407
11428
11449
11470
11491
11511
11532
11553
11574
11595
11615
11636
11657
11677
11698
11718
11739
11759
11779
11800
11820
11840
11861
11881
11901
11921
11941
11961
11981
12002
12021
12041
12061
12081
12101
12121
12141
12160
12180
12200
12220
12239
12259
12278
12298
12317
12337
12356
12376
12395
12414
12434
12453
12472
12491
12511
12530
12549
12568
12587
12606
12625
12644
12663
12682
12701
12720
12739
12758
12776
12795
12814
12833
12851
12870
12889
12907
12926
12944
12963
12981
13000
13018
13037
13055
13074
13092
13110
13129
13147
13165
13183
13202
13220
13238
13256
13274
13292
13310
13328
13346
13364
13382
13400
13418
13436
13454
13471
13489
13507
13525
13543
13560
13578
13596
13613
13631
13648
13666
13684
13701
13719
13736
13754
13771
13788
13806
13823
13841
13858
13875
13893
13910
13927
13944
13961
13979
13996
14013
14030
14047
14064
14081
14098
14115
14132
14149
14166
14183
14200
14217
14234
14251
14268
14284
14301
14318
14335
14351
14368
14385
14402
14418
14435
14451
14468
14485
14501
14518
14534
14551
14567
14584
14600
14617
14633
14649
14666
14682
14698
14715
14731
14747
14764
14780
14796
14812
14829
14845
14861
14877
14893
14909
14925
14941
14957
14973
14989
15005
15021
15037
15053
15069
15085
15101
15117
15133
15149
15165
15180
15196
15212
15228
15244
15259
15275
15291
15306
15322
15338
15353
15369
15385
15400
15416
15431
15447
15462
15478
15493
15509
15524
15540
15555
15571
15586
15602
15617
15632
15648
15663
15678
15694
15709
15724
15739
15755
15770
15785
15800
15815
15831
15846
15861
15876
15891
15906
15921
15936
15951
15966
15981
15996
16011
16026
16041
16056
16071
16086
16101
16116
16131
16146
16161
16176
16190
16205
16220
16235
16250
16264
16279
16294
16309
16323
16338
16353
16367
16382
16397
16411
16426
16440
16455
16470
16484
16499
16513
16528
16542
16557
16571
16586
16600
16615
16629
16644
16658
16672
16687
16701
16716
16730
16744
16759
16773
16787
16802
16816
16830
16844
16859
16873
16887
16901
16915
16930
16944
16958
16972
16986
17000
17014
17029
17043
17057
17071
17085
17099
17113
17127
17141
17155
17169
17183
17197
17211
17225
17239
17253
17266
17280
17294
17308
17322
17336
17350
17364
17377
17391
17405
17419
17433
17446
17460
17474
17487
17501
17515
17529
17542
17556
17570
17583
17597
17611
17624
17638
17651
17665
17679
17692
17706
17719
17733
17746
17760
17773
17787
17800
17814
17827
17841
17854
17868
17881
17895
17908
17921
17935
17948
17961
17975
17988
18002
18015
18028
18041
18055
18068
18081
18095
18108
18121
18134
18148
18161
18174
18187
18200
18214
18227
18240
18253
18266
18279
18292
18306
18319
18332
18345
18358
18371
18384
18397
18410
18423
18436
18449
18462
18475
18488
18501
18514
18527
18540
18553
18566
18579
18592
18605
18618
18631
18643
18656
18669
18682
18695
18708
18720
18733
18746
18759
18772
18784
18797
18810
18823
18836
18848
18861
18874
18886
18899
18912
18925
18937
18950
18963
18975
18988
19000
19013
19026
19038
19051
19064
19076
19089
19101
19114
19126
19139
19151
19164
19176
19189
19202
19214
19226
19239
19251
19264
19276
19289
19301
19314
19326
19339
19351
19363
19376
19388
19400
19413
19425
19438
19450
19462
19475
19487
19499
19511
19524
19536
19548
19561
19573
19585
19597
19610
19622
19634
19646
19659
19671
19683
19695
19707
19720
19732
19744
19756
19768
19780
19792
19805
19817
19829
19841
19853
19865
19877
19889
19901
19913
19925
19937
19949
19961
19973
19985
19997
20009
20021
20033
20045
20057
20069
20081
20093
20105
20117
20129
20141
20153
20165
20177
20189
20201
20212
20224
20236
20248
20260
20272
20284
20295
20307
20319
20331
20343
20354
20366
20378
20390
20402
20413
20425
20437
20449
20460
20472
20484
20495
20507
20519
20531
20542
20554
20566
20577
20589
20601
20612
20624
20635
20647
20659
20670
20682
20694
20705
20717
20728
20740
20751
20763
20775
20786
20798
20809
20821
20832
20844
20855
20867
20878
20890
20901
20913
20924
20936
20947
20959
20970
20981
20993
21004
21016
21027
21039
21050
21061
21073
21084
21096
21107
21118
21130
21141
21152
21164
21175
21186
21198
21209
21220
21232
21243
21254
21266
21277
21288
21299
21311
21322
21333
21344
21356
21367
21378
21389
21401
21412
21423
21434
21445
21457
21468
21479
21490
21501
21512
21524
21535
21546
21557
21568
21579
21590
21602
21613
21624
21635
21646
21657
21668
21679
21690
21701
21712
21723
21734
21745
21756
21768
21779
21790
21801
21812
21823
21834
21845
21856
21867
21878
21888
21899
21910
21921
21932
21943
21954
21965
21976
21987
21998
22009
22020
22031
22041
22052
22063
22074
22085
22096
22107
22118
22128
22139
22150
22161
22172
22183
22193
22204
22215
22226
22237
22247
22258
22269
22280
22291
22301
22312
22323
22334
22344
22355
22366
22376
22387
22398
22409
22419
22430
22441
22451
22462
22473
22483
22494
22505
22515
22526
22537
22547
22558
22569
22579
22590
22601
22611
22622
22632
22643
22654
22664
22675
22685
22696
22707
22717
22728
22738
22749
};