00 14 24 8b 80 7e 81 23 02 00 1c 00 f9 27 11 00 30 01 97 00 00 00 00 00 0c 07 08 33 7b 20 00 00 00 0e 0f 00 00 14 24 8f 88 7e 81 17 82 30 10 90 00 00 0c 00 00 00 00 22 28 27 10 ff ff ff ff 8b 	..$‹ˆ~?#....u'..0.—........3{ ........$??~?.‚0.?......."('.yyyy‹
fe 7e 81 23 02 00 1c 00 f8 27 11 00 30 01 95 00 00 00 00 00 0c 07 08 33 7e 20 00 00 00 0e 12 00 00 14 24 8b 87 7e 81 17 82 30 10 90 00 00 0c 00 00 00 00 22 28 27 10 ff ff ff ff 8b fe 7e 81 23 	?~?#....o'..0.•........3~ ........$‹‡~?.‚0.?......."('.yyyy‹?~?#
02 00 1c 00 fa 27 11 00 30 01 8f 00 00 00 00 00 0c 07 08 34 04 20 00 00 00 0e 13 00 00 14 24 fb                                                                                                 	....u'..0.?........4. ........$u

[09:53:18:531] - Written data

7e 01 07 82 30 10 00 ca 7e 01 07 02 00 1c 00 26 7e 01 07 82 30 10 00 ca 7e 01 07 02 00 1c 00 26 7e 01 07 82 30 10 00 ca 7e 01 07 02 00 1c 00 26                                                 	~..‚0..E~......&~..‚0..E~......&~..‚0..E~......&

[09:53:18:750] - Read data

7e 81 23 02 00 1c 00 fd 27 11 00 30 01 90 00 00 00 00 00 0c 07 08 34 07 20 00 00 00 0e 11 00 00 14 24 8b 10 7e 81 17 82 30 10 90 00 00 0c 00 00 00 00 22 28 27 10 ff ff ff ff 8b fe 7e 81 23 02 	~?#....y'..0.?........4. ........$‹.~?.‚0.?......."('.yyyy‹?~?#.
00 1c 00 f8 27 11 00 30 01 97 00 00 00 00 00 0c 07 08 34 0d 20 00 00 00 0e 0f 00 00 14 24 8b 16 7e 81 17 82 30 10 90 00 00 0c 00 00 00 00 22 28 27 10 ff ff ff ff 8b fe 7e 81 23 02 00 1c 00 f8 	...o'..0.—........4. ........$‹.~?.‚0.?......."('.yyyy‹?~?#....o
27 11 00 30 01 91 00 00 00 00 00 0c 07 08 34 10 20 00 00 00 0e 13 00 00 14 24 8b 17 7e 81 17 82 30 10 90 00 00 0c 00 00 00 00 22 28 27 10 ff ff ff ff 8b fe                                     	'..0.‘........4. ........$‹.~?.‚0.?......."('.yyyy‹?

[09:53:18:765] - Written data

7e 01 07 82 30 10 00 ca 7e 01 07 02 00 1c 00 26 7e 01 07 82 30 10 00 ca 7e 01 07 02 00 1c 00 26 7e 01 07 82 30 10 00 ca 7e 01 07 02 00 1c 00 26                                                 	~..‚0..E~......&~..‚0..E~......&~..‚0..E~......&

[09:53:18:906] - Read data

7e 81 23 02 00 1c 00 f9 27 11 00 30 01 8f 00 00 00 00 00 0c 07 08 34 16 20 00 00 00 0e 12 00 00 14 24 8b 1b 7e 81 17 82 30 10 90 00 00 0c 00 00 00 00 22 28 27 10 ff ff ff ff 8b fe 7e 81 23 02 	~?#....u'..0.?........4. ........$‹.~?.‚0.?......."('.yyyy‹?~?#.
00 1c 00 fc 27 11 00 30 01 91 00 00 00 00 00 0c 07 08 34 19 20 00 00 00 0e 0f 00 00 14 24 8b 20                                                                                                 	...u'..0.‘........4. ........$‹ 

[09:53:18:921] - Written data

7e 01 07 82 30 10 00 ca 7e 01 07 02 00 1c 00 26 7e 01 07 02 00 1c 00 26 7e 01 07 82 30 10 00 ca 7e 01 07 02 00 1c 00 26 7e 01 07 82 30 10 00 ca 7e 01 07 02 00 1c 00 26 7e 01 07 82 30 10 00 ca 	~..‚0..E~......&~......&~..‚0..E~......&~..‚0..E~......&~..‚0..E
7e 01 07 02 00 1c 00 26 7e 01 07 82 30 10 00 ca 7e 01 07 02 00 1c 00 26 7