[09:30:58:687] - Written data

7e 01 17 83 00 10 80 00 00 10 04 8e 00 00 21 87 01 2c 3e 80 02 58 00 ba 7e 01 07 02 00 1c 00 26                                                                                                 	~..?..ˆ....Z..!‡.,>ˆ.X.?~......&

[09:30:58:734] - Read data

7e 81 17 83 00 10 80 58 20 4b 9f 80 02 58 8b c5                                                                                                                                                 	~?.?..ˆX KYˆ.X‹A

[09:30:58:734] - Written data

7e 01 17 83 00 10 80 00 00 10 04 8e 00 00 21 87 01 2c 3e 80 02 58 00 ba 7e 01 07 02 00 1c 00 26                                                                                                 	~..?..ˆ....Z..!‡.,>ˆ.X.?~......&

[09:30:58:890] - Read data

7e 81 17 83 00 10 80 00 00 10 fc 80 02 58 8b c5                                                                                                                                                 	~?.?..ˆ...uˆ.X‹A

[09:30:58:890] - Written data

7e 01 17 83 00 10 80 00 00 10 04 8e 00 00 21 87 01 2c 3e 80 02 58 00 ba 7e 01 07 02 00 1c 00 26                                                                                                 	~..?..ˆ....Z..!‡.,>ˆ.X.?~......&

[09:30:58:937] - Read data

7e 81 17 83 00 10 80 00 00 10 f4 80 02 58 8b c5                                                                                                                                                 	~?.?..ˆ...oˆ.X‹A

[09:30:58:937] - Written data

7e 01 17 83 00 10 80 00 00 10 04 8e 00 00 21 87 01 2c 3e 80 02 58 00 ba 7e 01 07 02 00 1c 00 26                                                                                                 	~..?..ˆ....Z..!‡.,>ˆ.X.?~......&

[09:30:59:093] - Read data

7e 81 17 83 00 10 80 00 00 10 f4 80 02 58 8b c5                                                                                                                                                 	~?.?..ˆ...oˆ.X‹A

[09:30:59:109] - Written data

7e 01 17 83 00 10 80 00 00 10 04 8e 00 00 21 87 01 2c 3e 80 02 58 00 ba 7e 01 07 02 00 1c 00 26 7e 01 17 83 00 10 80 00 00 10 04 8e 00 00 21 87 01 2c 3e 80 02 58 00 ba 7e 01 07 02 00 1c 00 26 	~..?..ˆ....Z..!‡.,>ˆ.X.?~......&~..?..ˆ....Z..!‡.,>ˆ.X.?~......&
7e 01 17 83 00 10 80 00 00 10 04 8e 00 00 21 87 01 2c 3e 80 02 58 00 ba 7e 01 07 02 00 1c 00 26 7e 01 17 83 00 10 80 00 00 10 04 8e 00 00 21 87 01 2c 3e 80 02 58 00 ba 7e 01 07 02 00 1c 00 26 	~..?..ˆ....Z..!‡.,>ˆ.X.?~......&~..?..ˆ....Z..!‡.,>ˆ.X.?~......&
7e 01 17 83 00 10 80 00 00 10 04 8e 00 00 21 87 01 2c 3e 80 02 58 00 ba 7e 01 07 02 00 1c 00 26 7e 01 17 83 00 10 80 00 00 10 04 8e 00 00 21 87 01 2c 3e 80 02 58 00 ba 7e 01 07 02 00 1c 00 26 	~..?..ˆ....Z..!‡.,>ˆ.X.?~......&~..?..ˆ....Z..!‡.,>ˆ.X.?~......&
7e 01 17 83 00 10 80 00 00 10 04 8e 00 00 21 87 01 2c 3e 80 02 58 00 ba 7e 01 07 02 00 1c 00 26 7e 01 17 83 00 10 80 00 00 10 04 8e 00 00 21 87 01 2c 3e 80 02 58 00 ba 7e 01 07 02 00 1c 00 26 	~..?..ˆ....Z..!‡.,>ˆ.X.?~......&~..?..ˆ....Z..!‡.,>ˆ.X.?~......&
7e 01 17 83 00 10 80 00 00 10 04 8e 00 00 21 87 01 2c 3e 80 02 58 00 ba 7e 01 07 02 00 1c 00 26 7e 01 17 83 00 10 80 00 00 10 04 8e 00 00 21 87 01 2c 3e 80 02 58 00 ba 7e 01 07 02 00 1c 00 26 	~..?..ˆ....Z..!‡.,>ˆ.X.?~......&~..?..ˆ....Z..!‡.,>ˆ.X.?~......&
7e 01 17 83 00 10 80 00 00 10 04 8e 00 00 21 87 01 2c 3e 80 02 58 00 ba 7e 01 07 02 00 1c 00 26 7e 01 17 83 00 10 80 00 00 10 04 8e 00 00 21 87 01 2c 3e 80 02 58 00 ba 7e 01 07 02 00 1c 00 26 	~..?..ˆ....Z..!‡.,>ˆ.X.?~......&~..?..ˆ....Z..!‡.,>ˆ.X.?~......&
7e 01 17 83 00 10 80 00 00 10 04 8e 00 00 21 87 01 2c 3e 80 02 58 00 ba 7e 01 07 02 00 1c 00 26 7e 01 17 83 00 10 80 00 00 10 04 8e 00 00 21 87 01 2c 3e 80 02 58 00 ba 7e 01 07 02 00 1c 00 26 	~..?..ˆ....Z..!‡.,>ˆ.X.?~......&~..?..ˆ....Z..!‡.,>ˆ.X.?~......&
7e 01 17 83 00 10 80 00 00 10 04 8e