[10:11:30:500] - Read data

17 83 00 10 80 00 00 10 04 8e 00 00 21 87 01 2c 3e 80 02 58 0b 45 7e 81 17 83 00 10 80 00 00 10 04 8e 00 00 b8 f4 7e ff 04 8e 00 00 21 87 01 2c 3e 80 02 58 0b 45 7e 81 17 83 00 10 80 00 00 10 	.?..ˆ....Z..!‡.,>ˆ.X.E~?.?..ˆ....Z..?o~y.Z..!‡.,>ˆ.X.E~?.?..ˆ...
04 8e 00 00 21 87 01 2c 3e 80 fa                                                                                                                                                                	.Z..!‡.,>ˆu

[10:11:30:515] - Written data

7e 01 07 02 00 1c 00 26 7e 01 17 83 00 10 80 00 00 10 04 8e 00 00 21 87 01 2c 3e 80 02 58 00 ba 7e 01 07 02 00 1c 00 26 7e 01 17 83 00 10 80 00 00 10 04 8e 00 00 21 87 01 2c 3e 80 02 58 00 ba 	~......&~..?..ˆ....Z..!‡.,>ˆ.X.?~......&~..?..ˆ....Z..!‡.,>ˆ.X.?
7e 01 07 02 00 1c 00 26 7e 01 17 83 00 10 80 00 00 10 04 8e 00 00 21 87 01 2c 3e 80 02 58 00 ba 7e 01 07 02 00 1c 00 26                                                                         	~......&~..?..ˆ....Z..!‡.,>ˆ.X.?~......&

[10:11:30:671] - Read data

7e 81 17 83 00 10 80 00 00 10 04 8e 00 00 21 87 01 2c 3e 7e 81 17 83 00 10 80 00 00 10 04 8e 00 00 21 87 01 2c 3e 80 02 58 0b 45 7e 81 17 83 00 10 80 00 00 10 04 8e 00 00 21 87 01 2c 3e 80 02 	~?.?..ˆ....Z..!‡.,>~?.?..ˆ....Z..!‡.,>ˆ.X.E~?.?..ˆ....Z..!‡.,>ˆ.
58 0b 45 7e 81 23 02 00 1c 00 fc 27 12 00 30 01 95 00 00 00 00 00 0c 07 18 22 56 20 01 00 00 cf 06 00 00 1f ed ff 7e 81 23 02 00 1c 00 fc 27 12 00 30 01 9c 00 00 00 00 00                      	X.E~?#....u'..0.•........"V ...I....iy~?#....u'..0.?.....

[10:11:30:687] - Written data

7e 01 17 83 00 10 80 00 00 10 04 8e 00 00 21 87 01 2c 3e 80 02 58 00 ba 7e 01 07 02 00 1c 00 26 7e 01 17 83 00 10 80 00 00 10 04 8e 00 00 21 87 01 2c 3e 80 02 58 00 ba 7e 01 07 02 00 1c 00 26 	~..?..ˆ....Z..!‡.,>ˆ.X.?~......&~..?..ˆ....Z..!‡.,>ˆ.X.?~......&
7e 01 17 83 00 10 80 00 00 10 04 8e 00 00 21 87 01 2c 3e 80 02 58 00 ba 7e 01 07 02 00 1c 00 26                                                                                                 	~..?..ˆ....Z..!‡.,>ˆ.X.?~......&

[10:11:30:812] - Read data

0c 07 18 22 59 20 01 00 00 cf 04 00 00 1f ed 0b 75 7e 81 17 83 00 10 80 00 00 10 e4 80 02 58 0b 45 7e 81 17 83 00 10 80 00 00 10 fe 02 26 08 b5 b8 f4 7e 81 17 83 00 10 80 00 00 10 04 8e 00 00 	..."Y ...I....i.u~?.?..ˆ...aˆ.X.E~?.?..ˆ...?.&.µ?o~?.?..ˆ....Z..
21 87 01 2c 3e 80 02 58 0b 45 7e 81 23 02 00 1c 00 fa 27 12 00 30 01 a3 00 00 00 00 00 0c 07 18 22 67 20 01 00 00 cf 04 00 00 1f                                                                	!‡.,>ˆ.X.E~?#....u'..0.?........"g ...I....

[10:11:30:828] - Written data

7e 01 17 83 00 10 80 00 00 10 04 8e 00 00 21 87 01 2c 3e 80 02 58 00 ba 7e 01 07 02 00 1c 00 26 7e 01 17 83 00 10 80 00 00 10 04 8e 00 00 21 87 01 2c 3e 80 02 58 00 ba 7e 01 17 83 00 10 80 00 	~..?..ˆ....Z..!‡.,>ˆ.X.?~......&~..?..ˆ....Z..!‡.,>ˆ.X.?~..?..ˆ.
00 10 04 8e 00 00 21 87 01 2c 3e 80 02 58 00 ba 7e 01 07 02 00 1c 00 26 7e 01 17 83 00 10 80 00 00 10 04 8e 00 00 21 87 01 2c 3e 80 02 58 00 ba 7e 01 07 02 00 1c 00 26                         	...Z..!‡.,>ˆ.X.?~......&~..?..ˆ....Z..!‡.,>ˆ.X.?~......&

[10:11:30:984] - Read data

ed 09 86 7e 81 17 83 00 10 80 00 00 10 04 8e 00 00 21 87 01 2c 3e 80 02 58 0b 45 7e 81 23 02 00 1c 00 f7 27 12 00 f0 7e 81 17 83 00 10 80 00 00 10 04 8e 00 00 21 87 01 2c 3e 80 02 58 0b 45 7e 	i.†~?.?..ˆ....Z..!‡.,>ˆ.X.E~?#....?'..?~?.?..ˆ....Z..!‡.,>ˆ.X.E~
81 23 02 00 1c 00 fb 27 13 00 30 01 a5 00 00 00 00 00 0c 07 18 22 70 20 01 00 00 cf 04 00 00 1f ed 0b 95                                                                                        	?#....u'..0.?........"p ...I....i.•

[10:11:31:000] - Written data

7e 01 17 83 00 10 80 00 00 10 04 8e 00 00 21 87 01 2c 3e 80 02 58 00 ba 7e 01 07 02 00 1c 00 26 7e 01 17 83 00 10 80 00 00 10 04 8e 00 00 21 87 01 2c 3e 80 02 58 00 ba 7e 01 17 83 00 10 80 00 	~..?..ˆ....Z..!‡.,>ˆ.X.?~......&~..?..ˆ....Z..!‡.,>ˆ.X.?~..?..ˆ.
00 10 04 8e 00 00 21 87 01 2c 3e 80 02 58 00 ba 7e 01 07 02 00 1c 00 26                                                                                                                         	...Z..!‡.,>ˆ.X.?~......&

[10:11:31:109] - Read data

00 00 10 04 8e 00 00 21 87 01 2c 3e 80 02 58 0b 45 7e 81 17 83 00 10 80 f0 01 2c 3e 80 02 58 0b 45 7e 81 17 83 00 10 80 00 00 10 04 8e 00 00 21 87 01 2c 3e 80 02 58 0b 45 7e 81 17 83 00 10 80 	....Z..!‡.,>ˆ.X.E~?.?..ˆ?.,>ˆ.X.E~?.?..ˆ....Z..!‡.,>ˆ.X.E~?.?..ˆ
00 00 10 04 8e 00 00 e1                                                                                                                                                                         	....Z..a

[10:11:31:125] - Written data

7e 01 17 83 00 10 80 00 00 10 04 8e 00 00 21 87 01 2c 3e 80 02 58 00 ba 7e 01 07 02 00 1c 00 26 7e 01 17 83 00 10 80 00 00 10 04 8e 00 00 21 87 01 2c 3e 80 02 58 00 ba 7e 01 07 02 00 1c 00 26 	~..?..ˆ....Z..!‡.,>ˆ.X.?~......&~..?..ˆ....Z..!‡.,>ˆ.X.?~......&
7e 01 17 83 00 10 80 00 00 10 04 8e 00 00 21 87 01 2c 3e 80 02 58 00 ba 7e 01 07 02 00 1c 00 26 7e 01 17 83 00 10 80 00 00 10 04 8e 00 00 21 87 01 2c 3e 80 02 58 00 ba 7e 01 07 02 00 1c 00 26 	~..?..ˆ....Z..!‡.,>ˆ.X.?~......&~..?..ˆ....Z..!‡.,>ˆ.X.?~......&

[10:11:31:296] - Read data

d1 7e 81 17 83 00 10 80 00 00 90 02 26 08 b5 b8 f4 20 44 c0 00 00 10 04 8e 00 00 21 87 01 2c 3e 80 02 58 0b 45 0f bb 34 0e 08 11 30 40 80 10 04 8e 00 00 21 87 01 2c 3e 80 02 58 0b 45 7e 81 17 	N~?.?..ˆ..?.&.µ?o DA....Z..!‡.,>ˆ.X.E.»4...0@ˆ..Z..!‡.,>ˆ.X.E~?.
83 00 10 80 00 00 10 04 8e 00 00 21 87 01 2c                                                                                                                                                    	?..ˆ....Z..!‡.,

[10:11:31:312] - Written data

7e 01 17 83 00 10 80 00 00 10 04 8e 00 00 21 87 01 2c 3e 80 02 58 00 ba 7e 01 07 02 00 1c 00 26 7e 01 17 83 00 10 80 00 00 10 04 8e 00 00 21 87 01 2c 3e 80 02 58 00 ba 7e 01 07 02 00 1c 00 26 	~..?..ˆ....Z..!‡.,>ˆ.X.?~......&~..?..ˆ....Z..!‡.,>ˆ.X.?~......&
7e 01 17 83 00 10 80 00 00 10 04 8e 00 00 21 87 01 2c 3e 80 02 58 00 ba 7e 01 07 02 00 1c 00 26                                                                                                 	~..?..ˆ....Z..!‡.,>ˆ.X.?~......&

[10:11:31:453] - Read data

3e 80 02 58 0b 45 7e 81 23 02 00 1c 00 f8 27 13 00 30 01 9e 00 00 00 00 00 0c 07 18 23 12 20 01 00 00 cf 05 00 00 1f ed 0b 2f 7e 81 17 83 00 10 80 00 00 10 04 8e 00 00 21 87 01 2c 3e 80 02 58 	>ˆ.X.E~?#....o'..0.z........#. ...I....i./~?.?..ˆ....Z..!‡.,>ˆ.X
0b 45 7e 81 17 83 00 10 80 00 00 10 04 8e 00 00 21 87 01 2c 3e 80 ff 7e 81 17 83 00 10 80 00 80 4b                                                                                              	.E~?.?..ˆ....Z..!‡.,>ˆy~?.?..ˆ.ˆK

[10:11:31:468] - Written data

7e 01 17 83 00 10 80 00 00 10 04 8e 00 00 21 87 01 2c 3e 80 02 58 00 ba 7e 01 07 02 00 1c 00 26 7e 01 17 83 00 10 80 00 00 10 04 8e 00 00 21 87 01 2c 3e 80 02 58 00 ba 7e 01 17 83 00 10 80 00 	~..?..ˆ....Z..!‡.,>ˆ.X.?~......&~..?..ˆ....Z..!‡.,>ˆ.X.?~..?..ˆ.
00 10 04 8e 00 00 21 87 01 2c 3e 80 02 58 00 ba 7e 01 07 02 00 1c 00 26 7e 01 17 83 00 10 80 00 00 10 04 8e 00 00 21 87 01 2c 3e 80 02 58 00 ba 7e 01 07 02 00 1c 00 26                         	...Z..!‡.,>ˆ.X.?~......&~..?..ˆ....Z..!‡.,>ˆ.X.?~......&

[10:11:31:609] - Read data

9f 80 02 58 0b 45 7e 81 17 83 00 10 80 58 20 4b 9f 80 02 58 0b 45 7e 81 17 83 00 10 80 00 00 10 04 8e 00 00 21 87 01 2c 3e 80 02 58 0b 45 7e 81 17 83 00 10 80 00 00 10 02 26 08 b5 b8 f4       	Yˆ.X.E~?.?..ˆX KYˆ.X.E~?.?..ˆ....Z..!‡.,>ˆ.X.E~?.?..ˆ....&.µ?o

[10:11:31:625] - Written data

7e 01 17 83 00 10 80 00 00 10 04 8e 00 00 21 87 01 2c 3e 80 02 58 00 ba 7e 01 07 02 00 1c 00 26 7e 01 17 83 00 10 80 00 00 10 04 8e 00 00 21 87 01 2c 3e 80 02 58 00 ba 7e 01 07 02 00 1c 00 26 	~..?..ˆ....Z..!‡.,>ˆ.X.?~......&~..?..ˆ....Z..!‡.,>ˆ.X.?~......&
7e 01 17 83 00 10 80 00 00 10 04 8e 00 00 21 87 01 2c 3e 80 02 58 00 ba 7e 01 07 02 00 1c 00 26 7e 01 17 83 00 10 80 00 00 10 04 8e 00 00 21 87 01 2c 3e 80 02 58 00 ba 7e 01 07 02 00 1c 00 26 	~..?..ˆ....Z..!‡.,>ˆ.X.?~......&~..?..ˆ....Z..!‡.,>ˆ.X.?~......&

[10:11:31:843] - Read data

7e 81 17 83 00 10 80 00 00 10 04 8e 00 00 21 87 01 2c 3e 80 02 58 0b 45                                                                                                                         	~?.?..ˆ....Z..!‡.,>ˆ.X.E

[10:11:31:843] - Written data

7e 01 17 83 00 10 80 00 00 10 04 8e 00 00 21 87 01 2c 3e 80 02 58 00 ba 7e 01 07 02 00 1c 00 26 7e 01 17 83 00 10 80 00 00 10 04 8e 00 00 21 87 01 2c 3e 80 02 58 00 ba 7e 01 17 83 00 10 80 00 	~..?..ˆ....Z..!‡.,>ˆ.X.?~......&~..?..ˆ....Z..!‡.,>ˆ.X.?~..?..ˆ.
00 10 04 8e 00 00 21 87 01 2c 3e 80 02 58 00 ba 7e 01 07 02 00 1c 00 26 7e 01 17 83 00 10 80 00 00 10 04 8e 00 00 21 87 01 2c 3e 80 02 58 00 ba 7e 01 07 02 00 1c 00 26 7e 01 17 83 00 10 80 00 	...Z..!‡.,>ˆ.X.?~......&~..?..ˆ....Z..!‡.,>ˆ.X.?~......&~..?..ˆ.
00 10 04 8e 00 00 21 87 01 2c 3e 80 02 58 00 ba 7e 01 07 02 00 1c 00 26 7e 01 17 83 00 10 80 00 00 10 04 8e 00 00 21 87 01 2c 3e 80 02 58 00 ba 7e 01 07 02 00 1c 00 26 7e 01 17 83 00 10 80 00 	...Z..!‡.,>ˆ.X.?~......&~..?..ˆ....Z..!‡.,>ˆ.X.?~......&~..?..ˆ.
00 10 04 8e 00 00 21 87 01 2c 3e 80 02 58 00 ba 7e 01 07 02 00 1c 00 26 7e 01 17 83 00 10 80 00 00 10 04 8e 00 00 21 87 01 2c 3e 80 02 58 00 ba 7e 01 07 02 00 1c 00 26 7e 01 17 83 00 10 80 00 	...Z..!‡.,>ˆ.X.?~......&~..?..ˆ....Z..!‡.,>ˆ.X.?~......&~..?..ˆ.
00 10 04 8e 00 00 21 87 01 2c 3e 80 02 58 00 ba 7e 01 07 02 00 1c 00 26 7e 01 17 83 00 10 80 00 00 10 04 8e 00 00 21 87 01 2c 3e 80 02 58 00 ba 7e 01 07 02 00 1c 00 26 7e 01 17 83 00 10 80 00 	...Z..!‡.,>ˆ.X.?~......&~..?..ˆ....Z..!‡.,>ˆ.X.?~......&~..?..ˆ.
00 10 04 8e 00 00 21 87 01 2c 3e 80 02 58 00 ba 7e 01 07 02 00 1c 00 26 7e 01 17 83 00 10 80 00 00 10 04 8e 00 00 21 87 01 2c 3e 80 02 58 00 ba 7e 01 07 02 00 1c 00 26 7e 01 17 83 00 10 80 00 	...Z..!‡.,>ˆ.X.?~......&~..?..ˆ....Z..!‡.,>ˆ.X.?~......&~..?..ˆ.
00 10 04 8e 00 00 21 87 01 2c 3e 80 02 58 00 ba 7e 01 07 02 00 1c 00 26 7e 01 17 83 00 10 80 00 00 10 04 8e 00 00 21 87 01 2c 3e 80 02 58 00 ba 7e 01 07 02 00 1c 00 26 7e 01 17 83 00 10 80 00 	...Z..!‡.,>ˆ.X.?~......&~..?..ˆ....Z..!‡.,>ˆ.X.?~......&~..?..ˆ.
00 10 04 8e 00 00 21 87 01 2c 3e 80 02 58 00 ba 7e 01 07 02 00 1c 00 26 7e 01 17 83 00 10 80 00 00 10 04 8e 00 00 21 87 01 2c 3e 80 02 58 00 ba 7e 01 07 02 00 1c 00 26 7e 01 17 83 00 10 80 00 	...Z..!‡.,>ˆ.X.?~......&~..?..ˆ....Z..!‡.,>ˆ.X.?~......&~..?..ˆ.
00 10 04 8e 00 00 21 87 01 2c 3e 80 02 58 00 ba 7e 01 07 02 00 1c 00 26 7e 01 17 83 00 10 80 00 00 10 04 8e 00 00 21 87 01 2c 3e 80 02 58 00 ba 7e 01 07 02 00 1c 00 26 7e 01 17 83 00 10 80 00 	...Z..!‡.,>ˆ.X.?~......&~..?..ˆ....Z..!‡.,>ˆ.X.?~......&~..?..ˆ.
00 10 04 8e 00 00 21 87 01 2c 3e 80 02 58 00 ba 7e 01 07 02 00 1c 00 26 7e 01 17 83 00 10 80 00 00 10 04 8e 00 00 21 87 01 2c 3e 80 02 58 00 ba 7e 01 07 02 00 1c 00 26 7e 01 17 83 00 10 80 00 	...Z..!‡.,>ˆ.X.?~......&~..?..ˆ....Z..!‡.,>ˆ.X.?~......&~..?..ˆ.
00 10 04 8e 00 00 21 87 01 2